2 48
0 -10.442 19.999 0.0 0.0 0 1000
2 -29.73 64.136 2.0 12.0 354 509
3 -30.664 5.463 7.0 8.0 234 401
4 51.642 5.469 21.0 16.0 411 573
5 -13.171 69.336 24.0 5.0 474 622
6 -67.413 68.323 1.0 12.0 155 295
7 48.907 6.274 17.0 5.0 361 509
8 5.243 22.26 6.0 13.0 451 629
9 -65.002 77.234 5.0 20.0 425 588
10 -4.175 -1.569 7.0 13.0 72 199
11 23.029 11.639 1.0 18.0 157 318
12 25.482 6.287 4.0 7.0 296 444
13 -42.615 -26.392 10.0 6.0 111 249
14 -76.672 99.341 2.0 9.0 368 528
15 -20.673 57.892 16.0 9.0 98 251
16 -52.039 6.567 23.0 4.0 96 208
17 -41.376 50.824 18.0 25.0 382 535
18 -91.943 27.588 3.0 5.0 436 580
19 -65.118 30.212 15.0 17.0 405 528
20 18.597 96.716 13.0 3.0 255 414
21 -40.942 83.209 10.0 16.0 293 470
22 -37.756 -33.325 4.0 25.0 298 408
23 23.767 29.083 23.0 21.0 479 607
24 -43.03 20.453 20.0 14.0 376 536
25 -35.297 -24.896 10.0 19.0 91 238
26 -54.755 14.368 4.0 14.0 360 505
27 -49.329 33.374 2.0 6.0 379 528
28 57.404 23.822 23.0 16.0 258 428
29 -22.754 55.408 6.0 9.0 352 509
30 -56.622 73.34 8.0 20.0 288 380
31 -38.562 -3.705 10.0 13.0 159 324
32 -16.779 19.537 7.0 10.0 423 564
33 -11.56 11.615 1.0 16.0 238 387
34 -46.545 97.974 21.0 19.0 339 429
35 16.229 9.32 6.0 22.0 397 572
36 1.294 7.349 4.0 14.0 479 599
37 -26.404 29.529 13.0 10.0 315 492
38 4.352 14.685 9.0 11.0 132 290
39 -50.665 -23.126 22.0 15.0 161 326
40 -22.833 -9.814 22.0 13.0 387 508
41 -71.1 -18.616 18.0 15.0 284 446
42 -7.849 32.074 10.0 8.0 296 471
43 11.877 -24.933 25.0 22.0 381 482
44 -18.927 -23.73 23.0 24.0 401 522
45 -11.92 11.755 4.0 3.0 432 564
46 29.84 11.633 9.0 25.0 289 450
47 12.268 -55.811 17.0 19.0 451 597
48 -37.933 -21.613 10.0 21.0 123 302
49 42.883 -2.966 17.0 10.0 98 233