1 144 1800 215
0 -12.167 -0.086 0.0 0.0 0 1000
2 -40.289 -42.303 6.0 20.0 399 560 1 5
3 -64.709 -17.389 3.0 10.0 463 571 2 5
4 5.06 -14.349 23.0 8.0 391 505 3 5
5 72.095 20.233 1.0 6.0 262 437 4 5
6 2.594 -15.002 18.0 1.0 102 223 5 5
7 -24.176 -72.894 8.0 19.0 330 475 6 10
8 -13.19 66.498 2.0 13.0 248 416 7 10
9 33.191 13.69 9.0 24.0 333 468 8 10
10 66.827 -30.554 1.0 15.0 274 379 9 10
11 19.934 35.883 20.0 13.0 379 472 10 10
12 -27.771 32.269 23.0 10.0 214 340 11 15
13 51.154 -16.827 22.0 4.0 232 323 12 15
14 -19.214 23.749 24.0 12.0 401 507 13 15
15 -46.643 -52.954 21.0 21.0 213 380 14 15
16 -10.59 -16.626 18.0 2.0 366 518 15 15
17 35.15 12.622 21.0 10.0 427 594 16 5
18 -37.378 12.256 7.0 20.0 166 284 17 5
19 82.794 25.836 4.0 9.0 184 292 18 5
20 8.936 -3.723 21.0 24.0 462 627 19 5
21 -56.659 25.555 13.0 19.0 118 245 20 5
22 -52.02 -40.137 18.0 13.0 388 514 21 10
23 39.27 12.787 4.0 14.0 72 209 22 10
24 19.757 21.228 3.0 17.0 432 542 23 10
25 -23.071 -12.659 12.0 25.0 288 401 24 10
26 15.686 52.374 5.0 1.0 142 258 25 10
27 58.771 -7.056 8.0 9.0 220 358 26 15
28 -33.087 72.266 14.0 12.0 406 577 27 15
29 2.551 46.851 10.0 22.0 414 578 28 15
30 -18.719 73.126 14.0 2.0 108 242 29 15
31 -67.627 -20.679 19.0 21.0 104 233 30 15
32 -76.862 -11.365 20.0 8.0 264 388 31 5
33 -24.194 -38.263 21.0 19.0 153 273 32 5
34 -20.374 -31.903 11.0 24.0 421 519 33 5
35 9.29 39.618 14.0 24.0 211 357 34 5
36 26.044 35.974 6.0 2.0 398 554 35 5
37 -57.385 -45.264 7.0 20.0 145 252 36 10
38 1.489 -62.592 3.0 20.0 147 245 37 10
39 34.937 13.672 22.0 5.0 74 231 38 10
40 -22.29 45.648 21.0 17.0 317 416 39 10
41 -5.92 44.061 12.0 4.0 235 387 40 10
42 -38.446 -23.541 1.0 21.0 479 576 41 15
43 28.894 33.936 11.0 3.0 472 570 42 15
44 -35.388 -5.341 12.0 16.0 141 287 43 15
45 -19.501 13.519 19.0 14.0 171 273 44 15
46 -9.216 -30.988 8.0 6.0 327 449 45 15
47 -22.131 -17.065 11.0 5.0 98 223 46 5
48 -22.827 36.81 18.0 12.0 366 515 47 5
49 -61.365 -18.463 6.0 23.0 244 360 48 5
50 50.128 -66.046 3.0 12.0 256 375 49 5
51 25.647 24.139 6.0 18.0 174 264 50 5
52 65.521 42.81 10.0 24.0 312 440 51 10
53 -60.956 -47.925 7.0 3.0 197 313 52 10
54 -9.07 42.798 17.0 3.0 66 187 53 10
55 -19.061 4.48 12.0 25.0 175 303 54 10
56 -54.071 -3.87 11.0 22.0 300 396 55 10
57 -25.598 -18.866 15.0 25.0 181 344 56 15
58 -18.707 84.296 6.0 15.0 106 282 57 15
59 -70.184 -39.166 13.0 18.0 235 348 58 15
60 -14.636 -0.446 3.0 8.0 416 591 59 15
61 -76.465 -38.922 23.0 20.0 399 554 60 15
62 44.092 12.433 24.0 18.0 430 555 61 5
63 -22.772 -50.867 22.0 5.0 132 260 62 5
64 19.104 44.672 11.0 25.0 65 198 63 5
65 -44.019 -39.935 24.0 16.0 280 373 64 5
66 -2.972 -4.059 8.0 14.0 323 465 65 5
67 -24.261 35.907 22.0 1.0 323 496 66 10
68 -61.877 -73.901 11.0 15.0 409 522 67 10
69 -5.64 -26.721 6.0 22.0 113 227 68 10
70 45.844 -36.835 10.0 6.0 297 427 69 10
71 -51.746 -79.84 10.0 24.0 411 575 70 10
72 -33.008 10.992 20.0 19.0 453 590 71 15
73 -25.653 -0.372 2.0 12.0 119 228 72 15
74 -21.497 61.487 18.0 13.0 249 395 73 15
75 2.032 26.727 8.0 10.0 67 218 74 15
76 -26.758 14.807 13.0 12.0 224 325 75 15
77 -37.256 -44.861 8.0 13.0 302 478 76 5
78 -0.861 -16.418 8.0 25.0 88 225 77 5
79 -51.16 34.967 18.0 12.0 338 458 78 5
80 -41.266 -76.886 17.0 2.0 109 262 79 5
81 -30.255 74.701 10.0 11.0 248 379 80 5
82 -46.368 -1.514 23.0 10.0 318 476 81 10
83 -71.619 73.077 3.0 9.0 263 362 82 10
84 -46.606 -39.948 25.0 21.0 145 268 83 10
85 -30.243 67.102 4.0 14.0 141 261 84 10
86 -40.997 -43.036 25.0 15.0 452 542 85 10
87 -74.286 -52.307 5.0 6.0 172 288 86 15
88 -17.609 -71.851 9.0 25.0 98 254 87 15
89 2.35 -81.805 18.0 14.0 452 552 88 15
90 -85.486 -54.059 16.0 17.0 331 437 89 15
91 23.822 10.571 16.0 8.0 302 402 90 15
92 -24.53 -31.726 22.0 4.0 327 439 91 5
93 -42.474 -15.009 2.0 17.0 329 495 92 5
94 -33.624 50.33 22.0 23.0 115 209 93 5
95 -81.458 -41.565 11.0 4.0 207 299 94 5
96 -73.505 -48.279 24.0 4.0 75 253 95 5
97 -3.052 70.898 17.0 9.0 124 221 96 10
98 0.946 25.458 12.0 9.0 236 335 97 10
99 -54.144 13.525 1.0 19.0 216 335 98 10
100 -30.634 7.526 23.0 12.0 329 490 99 10
101 -68.335 -34.277 4.0 25.0 93 204 100 10
102 7.178 57.935 15.0 8.0 446 622 101 15
103 4.712 48.669 15.0 13.0 308 420 102 15
104 58.087 26.379 12.0 3.0 329 489 103 15
105 18.347 34.784 21.0 6.0 307 423 104 15
106 -44.629 -61.975 21.0 11.0 81 174 105 15
107 5.231 26.068 15.0 24.0 209 334 106 5
108 -48.065 -36.755 21.0 16.0 319 430 107 5
109 -3.589 -27.734 19.0 21.0 78 251 108 5
110 9.808 36.896 11.0 25.0 367 509 109 5
111 59.46 1.233 3.0 10.0 268 399 110 5
112 -47.522 19.873 12.0 2.0 473 638 111 10
113 -48.431 -50.317 4.0 13.0 287 466 112 10
114 44.666 20.953 2.0 14.0 377 486 113 10
115 -19.226 32.77 9.0 19.0 181 312 114 10
116 -15.662 17.462 21.0 16.0 182 304 115 10
117 -91.669 77.722 17.0 23.0 191 312 116 15
118 -30.035 -78.284 22.0 13.0 76 223 117 15
119 73.663 32.941 24.0 24.0 184 296 118 15
120 22.4 -60.083 2.0 17.0 232 376 119 15
121 61.206 -13.501 25.0 8.0 478 581 120 15
122 22.131 -50.012 21.0 12.0 368 543 121 5
123 -6.317 56.665 11.0 6.0 96 227 122 5
124 -20.471 12.885 23.0 20.0 308 475 123 5
125 -61.084 -44.769 4.0 20.0 393 516 124 5
126 -9.576 -19.366 1.0 24.0 160 260 125 5
127 5.627 -88.501 15.0 10.0 403 559 126 10
128 -2.618 22.131 20.0 18.0 226 373 127 10
129 40.497 32.343 8.0 10.0 268 435 128 10
130 -3.296 36.774 4.0 15.0 80 171 129 10
131 -50.995 19.781 12.0 12.0 353 488 130 10
132 -70.52 -3.809 23.0 22.0 277 436 131 15
133 4.205 0.812 25.0 11.0 222 369 132 15
134 9.955 26.337 5.0 14.0 279 429 133 15
135 13.538 -21.313 15.0 9.0 204 376 134 15
136 -21.869 -18.768 2.0 6.0 245 423 135 15
137 -37.158 -30.768 22.0 23.0 68 218 136 5
138 -86.975 10.345 16.0 8.0 264 356 137 5
139 -47.272 -46.326 23.0 22.0 469 587 138 5
140 4.095 -19.354 13.0 7.0 70 228 139 5
141 4.205 30.292 7.0 15.0 425 600 140 5
142 -42.017 53.986 20.0 22.0 374 550 141 10
143 35.095 -10.895 25.0 7.0 274 367 142 10
144 61.188 -59.875 12.0 14.0 448 589 143 10
145 -34.674 -1.337 9.0 21.0 421 599 144 10