2 192 2523 435
0 -12.284 9.158 0.0 0.0 0 1000
2 -44.629 -55.64 6.0 11.0 394 503 1 5
3 36.096 64.935 16.0 11.0 243 354 2 5
4 -25.47 44.58 7.0 23.0 123 249 3 5
5 -33.954 -73.059 20.0 16.0 104 225 4 5
6 45.654 35.73 7.0 16.0 467 616 5 5
7 14.954 -36.719 8.0 2.0 198 324 6 10
8 -1.477 47.205 4.0 1.0 240 386 7 10
9 2.155 -40.912 23.0 25.0 193 369 8 10
10 22.992 1.398 4.0 24.0 312 442 9 10
11 -28.857 5.957 5.0 14.0 130 250 10 10
12 -48.12 94.116 15.0 6.0 313 457 11 15
13 7.239 17.322 12.0 20.0 189 301 12 15
14 4.614 27.051 12.0 10.0 308 407 13 15
15 -13.971 28.198 18.0 11.0 380 471 14 15
16 12.946 -11.688 19.0 2.0 472 600 15 15
17 -36.67 23.102 17.0 22.0 227 373 16 5
18 -4.224 -49.31 2.0 2.0 360 472 17 5
19 1.093 -7.135 15.0 12.0 343 462 18 5
20 -56.958 27.905 10.0 9.0 440 556 19 5
21 -80.994 -77.686 3.0 21.0 76 250 20 5
22 72.26 59.027 24.0 10.0 379 516 21 10
23 -21.655 1.636 1.0 13.0 295 454 22 10
24 -20.154 -62.415 22.0 25.0 81 244 23 10
25 -48.157 6.287 22.0 9.0 417 515 24 10
26 -5.078 61.597 17.0 19.0 75 200 25 10
27 17.145 -47.046 7.0 22.0 447 548 26 15
28 -16.064 8.557 11.0 4.0 120 233 27 15
29 6.683 -27.069 4.0 4.0 77 224 28 15
30 15.027 -34.979 15.0 7.0 172 330 29 15
31 37.946 73.914 15.0 20.0 140 312 30 15
32 -41.199 -43.018 9.0 17.0 71 216 31 5
33 32.538 11.786 15.0 19.0 147 258 32 5
34 -20.306 -20.239 1.0 12.0 412 548 33 5
35 -35.48 19.135 13.0 2.0 156 315 34 5
36 58.038 56.659 17.0 13.0 107 249 35 5
37 -36.694 -6.256 17.0 24.0 268 438 36 10
38 0.446 -46.735 25.0 22.0 251 423 37 10
39 -19.69 38.977 5.0 17.0 128 283 38 10
40 -47.339 20.911 25.0 19.0 144 268 39 10
41 -79.236 -57.678 2.0 4.0 120 228 40 10
42 5.597 -34.076 9.0 12.0 114 284 41 15
43 34.454 -8.289 7.0 22.0 327 441 42 15
44 18.5 -51.154 5.0 2.0 349 482 43 15
45 -4.346 -44.525 3.0 19.0 229 357 44 15
46 -14.148 -74.164 17.0 3.0 308 415 45 15
47 19.867 77.515 12.0 5.0 226 353 46 5
48 -50.079 17.871 21.0 22.0 115 225 47 5
49 42.786 -79.883 18.0 6.0 408 526 48 5
50 1.52 -29.034 8.0 9.0 73 198 49 5
51 14.728 -3.436 14.0 8.0 180 315 50 5
52 -26.166 -48.999 22.0 24.0 146 256 51 10
53 -63.873 -5.273 16.0 15.0 461 556 52 10
54 -54.138 7.086 21.0 16.0 165 328 53 10
55 17.932 -34.094 7.0 9.0 310 400 54 10
56 -98.706 34.552 12.0 1.0 70 229 55 10
57 28.802 -8.582 2.0 18.0 196 363 56 15
58 2.716 90.594 5.0 17.0 127 244 57 15
59 -31.024 48.938 3.0 18.0 394 490 58 15
60 -46.545 42.316 11.0 2.0 412 589 59 15
61 27.289 58.179 2.0 25.0 444 584 60 15
62 28.815 -28.027 7.0 21.0 346 514 61 5
63 -26.099 11.328 20.0 19.0 326 428 62 5
64 0.537 -26.221 7.0 10.0 106 280 63 5
65 -50.458 7.812 11.0 2.0 453 546 64 5
66 30.005 19.092 24.0 21.0 478 589 65 5
67 -12.604 22.058 15.0 20.0 324 430 66 10
68 22.009 -8.636 5.0 21.0 465 615 67 10
69 8.942 2.875 25.0 2.0 476 613 68 10
70 -19.812 0.922 12.0 6.0 139 247 69 10
71 -4.23 31.25 22.0 2.0 444 538 70 10
72 17.975 -0.409 11.0 12.0 65 237 71 15
73 -2.35 42.938 16.0 12.0 317 479 72 15
74 -16.516 68.085 10.0 5.0 167 344 73 15
75 -1.19 42.023 3.0 5.0 260 397 74 15
76 56.635 -44.019 10.0 8.0 289 460 75 15
77 57.483 35.504 17.0 15.0 144 256 76 5
78 -26.099 7.477 2.0 8.0 270 383 77 5
79 7.489 -57.239 21.0 7.0 377 501 78 5
80 -22.095 55.78 16.0 14.0 112 285 79 5
81 19.867 38.824 6.0 18.0 185 343 80 5
82 5.31 49.219 12.0 17.0 176 297 81 10
83 15.155 6.299 23.0 5.0 324 429 82 10
84 5.481 -31.5 23.0 6.0 273 435 83 10
85 7.959 -28.662 18.0 9.0 172 315 84 10
86 -75.812 4.01 18.0 24.0 123 302 85 10
87 -43.671 -61.646 14.0 13.0 381 475 86 15
88 -2.576 -62.14 2.0 5.0 477 586 87 15
89 -18.842 -36.884 11.0 4.0 196 287 88 15
90 20.844 21.167 24.0 22.0 222 327 89 15
91 3.137 -19.22 14.0 24.0 207 330 90 15
92 -20.361 18.878 3.0 25.0 104 275 91 5
93 -0.897 -54.938 21.0 9.0 468 638 92 5
94 -29.553 9.277 8.0 8.0 417 574 93 5
95 5.048 -35.046 19.0 8.0 146 251 94 5
96 27.759 48.712 7.0 25.0 345 508 95 5
97 12.079 -42.346 19.0 7.0 386 483 96 10
98 -51.27 41.144 23.0 24.0 173 265 97 10
99 -29.077 4.291 8.0 16.0 167 305 98 10
100 -18.555 -14.819 18.0 15.0 188 279 99 10
101 7.855 -49.451 7.0 7.0 289 449 100 10
102 -19.116 -32.086 1.0 17.0 423 522 101 15
103 17.651 -52.271 9.0 9.0 222 391 102 15
104 16.907 -62.964 5.0 14.0 121 258 103 15
105 18.988 6.219 23.0 20.0 425 578 104 15
106 -68.878 -64.539 18.0 6.0 212 318 105 15
107 -13.361 20.264 5.0 17.0 345 438 106 5
108 -44.44 63.721 17.0 23.0 124 222 107 5
109 -6.5 71.436 9.0 14.0 75 176 108 5
110 -51.978 25.409 19.0 19.0 221 378 109 5
111 -0.739 59.491 20.0 21.0 68 181 110 5
112 -64.679 83.038 1.0 6.0 322 476 111 10
113 -11.273 -35.944 18.0 1.0 197 359 112 10
114 -16.864 7.776 15.0 22.0 147 282 113 10
115 19.843 -49.805 10.0 7.0 88 187 114 10
116 -16.284 -2.936 8.0 14.0 128 230 115 10
117 8.356 67.041 14.0 7.0 347 512 116 15
118 30.878 24.316 15.0 25.0 439 563 117 15
119 93.524 -20.233 17.0 17.0 318 423 118 15
120 -9.332 -56.177 9.0 10.0 477 585 119 15
121 -34.442 -63.312 13.0 23.0 375 490 120 15
122 20.941 -5.646 18.0 22.0 414 526 121 5
123 -3.418 89.594 20.0 3.0 196 349 122 5
124 -18.738 45.227 8.0 14.0 342 435 123 5
125 2.435 -30.524 2.0 14.0 184 345 124 5
126 -28.864 56.616 7.0 2.0 308 451 125 5
127 76.88 -29.901 6.0 2.0 409 510 126 10
128 -90.466 10.278 12.0 21.0 123 228 127 10
129 -35.101 46.545 12.0 10.0 479 655 128 10
130 -48.395 43.854 25.0 10.0 131 222 129 10
131 -40.997 26.703 6.0 5.0 152 277 130 10
132 13.696 34.607 5.0 9.0 158 291 131 15
133 -71.472 11.45 20.0 15.0 322 474 132 15
134 -36.23 51.904 2.0 19.0 345 496 133 15
135 -39.465 4.907 25.0 7.0 429 539 134 15
136 -16.565 23.773 7.0 11.0 226 318 135 15
137 10.754 -28.552 6.0 2.0 296 421 136 5
138 -23.029 47.015 21.0 25.0 197 338 137 5
139 -8.807 21.216 19.0 14.0 369 480 138 5
140 -40.039 27.435 22.0 15.0 473 633 139 5
141 -37.445 -41.04 8.0 12.0 372 548 140 5
142 48.224 0.085 19.0 11.0 401 545 141 10
143 -0.323 68.237 6.0 17.0 424 599 142 10
144 -14.294 -33.423 24.0 4.0 393 504 143 10
145 -1.44 -34.814 15.0 24.0 453 614 144 10
146 -34.454 42.346 25.0 8.0 92 249 145 10
147 8.679 -66.18 6.0 20.0 254 402 146 15
148 -61.249 -51.367 21.0 12.0 66 230 147 15
149 -1.093 9.912 4.0 10.0 233 372 148 15
150 -16.565 66.547 10.0 12.0 249 411 149 15
151 8.435 52.838 16.0 9.0 144 243 150 15
152 -22.034 -36.896 12.0 16.0 295 409 151 5
153 15.765 17.322 13.0 23.0 478 647 152 5
154 9.003 -18.695 2.0 15.0 128 246 153 5
155 -4.584 3.491 3.0 10.0 463 576 154 5
156 8.875 40.662 10.0 21.0 379 545 155 5
157 26.093 -33.966 18.0 2.0 257 429 156 10
158 -32.501 39.526 18.0 16.0 154 252 157 10
159 -32.629 -82.581 11.0 15.0 456 603 158 10
160 -98.486 22.021 7.0 11.0 242 370 159 10
161 -59.052 4.163 18.0 11.0 217 375 160 10
162 7.428 -2.57 15.0 17.0 353 519 161 15
163 -59.601 12.469 5.0 3.0 118 281 162 15
164 -11.224 -31.83 20.0 9.0 207 334 163 15
165 -16.809 -35.04 9.0 1.0 137 298 164 15
166 21.863 18.14 22.0 13.0 195 332 165 15
167 45.038 -61.316 13.0 1.0 142 283 166 5
168 -48.816 25.568 24.0 2.0 78 230 167 5
169 -32.184 -16.736 4.0 22.0 411 574 168 5
170 12.439 -41.492 16.0 10.0 284 430 169 5
171 -21.082 -77.075 16.0 4.0 327 422 170 5
172 -17.822 -18.518 14.0 9.0 64 173 171 10
173 48.334 93.518 14.0 11.0 335 439 172 10
174 -18.677 49.005 25.0 3.0 418 535 173 10
175 12.14 30.042 23.0 19.0 259 422 174 10
176 3.113 -40.302 23.0 19.0 183 334 175 10
177 17.133 37.079 4.0 4.0 331 471 176 15
178 22.577 0.836 17.0 19.0 329 460 177 15
179 -30.426 52.942 12.0 15.0 138 281 178 15
180 33.765 -67.108 11.0 21.0 236 414 179 15
181 5.414 1.532 24.0 25.0 130 223 180 15
182 72.156 30.103 22.0 4.0 159 302 181 5
183 -24.109 -34.625 10.0 3.0 91 190 182 5
184 17.413 75.146 10.0 6.0 368 501 183 5
185 10.638 -60.052 10.0 6.0 462 597 184 5
186 -5.176 -48.999 5.0 21.0 259 404 185 5
187 -19.342 21.118 13.0 25.0 479 633 186 10
188 -46.802 -14.661 18.0 10.0 99 218 187 10
189 -16.779 43.439 25.0 25.0 302 429 188 10
190 14.093 -13.605 12.0 19.0 298 429 189 10
191 -21.063 26.019 18.0 19.0 255 419 190 10
192 39.813 -40.668 9.0 22.0 455 588 191 15
193 52.057 30.334 23.0 5.0 134 231 192 15