1 216 3562 300
0 3.871 -2.597 0.0 0.0 0 1000
2 -41.235 -66.357 14.0 3.0 400 548 1 5
3 34.064 -59.357 16.0 16.0 396 563 2 5
4 20.917 -52.582 17.0 8.0 60 230 3 5
5 -38.538 -37.396 19.0 15.0 314 478 4 5
6 41.058 22.931 6.0 12.0 400 572 5 5
7 -54.034 -53.131 7.0 13.0 374 526 6 10
8 8.099 80.725 3.0 8.0 391 536 7 10
9 81.299 13.409 10.0 24.0 239 360 8 10
10 14.459 -2.972 4.0 14.0 401 528 9 10
11 -52.539 60.107 17.0 17.0 462 637 10 10
12 -57.202 -34.229 10.0 8.0 181 271 11 15
13 -65.552 -40.222 13.0 11.0 386 530 12 15
14 -19.751 -10.278 20.0 8.0 433 601 13 15
15 -26.965 -87.012 6.0 17.0 157 289 14 15
16 3.192 -88.654 18.0 19.0 331 491 15 15
17 34.521 32.837 3.0 13.0 354 528 16 5
18 80.035 5.273 10.0 2.0 381 502 17 5
19 -39.838 -67.731 4.0 8.0 131 235 18 5
20 14.6 11.365 15.0 21.0 470 561 19 5
21 -20.99 -80.511 4.0 13.0 411 552 20 5
22 48.242 47.284 6.0 17.0 392 544 21 10
23 59.338 -31.86 19.0 4.0 417 577 22 10
24 -13.995 -45.624 7.0 22.0 269 361 23 10
25 32.397 -32.532 20.0 24.0 385 504 24 10
26 2.826 50.824 12.0 11.0 164 336 25 10
27 -66.077 -34.686 8.0 6.0 424 575 26 15
28 -13.66 18.64 18.0 19.0 81 181 27 15
29 -59.344 12.769 1.0 11.0 386 496 28 15
30 -5.133 -18.463 25.0 23.0 86 212 29 15
31 -22.961 -21.729 16.0 4.0 372 487 30 15
32 58.13 46.606 5.0 5.0 469 586 31 5
33 -49.603 -76.624 7.0 16.0 435 529 32 5
34 -4.803 43.036 20.0 2.0 424 599 33 5
35 68.616 -19.623 3.0 13.0 369 511 34 5
36 37.915 63.599 11.0 11.0 215 375 35 5
37 1.251 -26.55 15.0 9.0 244 391 36 10
38 -37.952 1.685 15.0 18.0 253 416 37 10
39 -40.503 8.038 8.0 7.0 476 604 38 10
40 -8.392 -38.678 13.0 24.0 374 494 39 10
41 -36.725 25.494 16.0 5.0 413 520 40 10
42 -47.754 -50.073 4.0 2.0 320 453 41 15
43 22.595 -28.357 9.0 5.0 100 253 42 15
44 -36.365 -48.163 5.0 5.0 71 221 43 15
45 75.452 -13.422 20.0 3.0 432 555 44 15
46 -64.52 -13.232 10.0 13.0 193 320 45 15
47 1.257 29.156 9.0 2.0 476 600 46 5
48 -1.569 -35.974 18.0 10.0 450 581 47 5
49 46.747 6.696 13.0 12.0 189 304 48 5
50 82.08 27.057 17.0 24.0 177 324 49 5
51 74.695 19.366 22.0 21.0 172 307 50 5
52 47.015 9.338 5.0 18.0 367 502 51 10
53 -62.036 -21.326 12.0 5.0 389 512 52 10
54 9.192 20.038 4.0 15.0 454 561 53 10
55 -3.094 21.582 5.0 11.0 410 581 54 10
56 -75.446 13.086 22.0 7.0 237 372 55 10
57 10.034 -63.739 7.0 3.0 176 277 56 15
58 71.814 26.501 12.0 17.0 379 514 57 15
59 18.842 -38.019 10.0 14.0 462 640 58 15
60 -10.541 -31.305 18.0 14.0 138 312 59 15
61 8.252 -91.15 17.0 7.0 384 543 60 15
62 72.821 -38.916 3.0 12.0 458 598 61 5
63 -30.157 38.776 1.0 5.0 347 454 62 5
64 -56.256 -5.548 9.0 11.0 192 341 63 5
65 -8.398 -37.604 12.0 17.0 222 375 64 5
66 15.021 13.708 4.0 3.0 272 364 65 5
67 -60.199 24.292 2.0 7.0 323 459 66 10
68 -13.794 -27.106 18.0 13.0 250 380 67 10
69 -34.796 -22.205 23.0 20.0 412 579 68 10
70 69.641 83.057 14.0 13.0 350 458 69 10
71 -44.44 30.09 6.0 4.0 119 277 70 10
72 48.633 3.021 1.0 3.0 163 289 71 15
73 -15.314 51.709 6.0 24.0 193 284 72 15
74 36.261 26.782 6.0 23.0 416 582 73 15
75 59.961 24.31 8.0 21.0 423 579 74 15
76 55.304 6.628 25.0 23.0 202 310 75 15
77 39.96 48.297 3.0 10.0 354 522 76 5
78 -48.895 -71.1 3.0 21.0 308 483 77 5
79 -2.338 -62.909 16.0 24.0 325 444 78 5
80 9.491 -41.901 5.0 9.0 388 504 79 5
81 -54.675 -18.439 6.0 22.0 129 222 80 5
82 10.98 -7.605 6.0 3.0 225 335 81 10
83 -69.824 -50.354 16.0 6.0 383 510 82 10
84 -40.308 -7.452 6.0 11.0 382 552 83 10
85 62.244 43.628 13.0 10.0 130 302 84 10
86 29.077 63.116 4.0 15.0 282 432 85 10
87 -12.067 -21.509 12.0 9.0 382 535 86 15
88 14.728 28.906 15.0 20.0 392 563 87 15
89 -63.086 -60.114 10.0 19.0 397 529 88 15
90 33.655 -0.928 19.0 19.0 227 394 89 15
91 -12.225 14.148 19.0 19.0 193 315 90 15
92 -89.966 51.514 1.0 20.0 121 273 91 5
93 -0.763 41.339 22.0 1.0 282 446 92 5
94 80.695 32.983 20.0 15.0 155 258 93 5
95 -53.394 -14.24 5.0 18.0 368 515 94 5
96 -53.284 -64.136 12.0 2.0 404 557 95 5
97 73.26 10.669 4.0 25.0 176 333 96 10
98 59.613 13.452 12.0 20.0 117 278 97 10
99 -37.012 6.476 8.0 18.0 372 484 98 10
100 -53.656 21.692 10.0 8.0 376 470 99 10
101 -36.89 18.372 2.0 3.0 448 543 100 10
102 -4.608 -13.806 25.0 2.0 314 486 101 15
103 53.802 36.993 14.0 15.0 336 489 102 15
104 48.468 -66.04 20.0 21.0 258 425 103 15
105 -46.393 -20.929 11.0 6.0 127 290 104 15
106 -15.045 -40.845 4.0 24.0 177 295 105 15
107 -73.621 -9.552 6.0 19.0 443 579 106 5
108 92.847 45.587 8.0 23.0 104 249 107 5
109 33.557 28.064 5.0 16.0 359 496 108 5
110 47.321 24.414 3.0 16.0 135 243 109 5
111 -6.61 -30.157 4.0 9.0 474 581 110 5
112 12.103 23.84 24.0 1.0 384 493 111 10
113 -61.963 26.239 4.0 10.0 458 552 112 10
114 23.877 9.808 11.0 14.0 174 334 113 10
115 49.78 6.866 23.0 11.0 352 464 114 10
116 -53.021 -21.484 1.0 4.0 200 298 115 10
117 54.962 2.985 15.0 23.0 420 557 116 15
118 4.865 -69.586 12.0 23.0 235 390 117 15
119 33.948 45.209 10.0 22.0 420 595 118 15
120 -32.166 -23.621 24.0 11.0 290 386 119 15
121 -17.548 -46.765 5.0 14.0 233 332 120 15
122 31.744 33.972 23.0 12.0 353 489 121 5
123 45.374 22.131 15.0 13.0 203 296 122 5
124 -5.219 -23.114 6.0 11.0 296 398 123 5
125 -51.056 -46.545 20.0 9.0 183 324 124 5
126 11.774 11.133 13.0 6.0 110 256 125 5
127 -39.758 -13.019 3.0 25.0 260 375 126 10
128 27.93 29.321 3.0 21.0 401 502 127 10
129 33.74 66.595 25.0 13.0 478 642 128 10
130 -91.815 29.858 15.0 23.0 343 494 129 10
131 -24.628 -68.701 6.0 8.0 420 589 130 10
132 44.659 20.465 4.0 7.0 176 284 131 15
133 45.447 -21.069 14.0 8.0 189 304 132 15
134 -37.366 -12.097 15.0 9.0 397 517 133 15
135 41.998 0.153 17.0 2.0 269 432 134 15
136 -42.822 -30.17 12.0 24.0 111 228 135 15
137 34.906 -4.578 2.0 7.0 132 230 136 5
138 -65.137 -43.079 11.0 23.0 147 252 137 5
139 20.27 -4.999 5.0 21.0 222 313 138 5
140 -36.731 -8.929 20.0 12.0 356 483 139 5
141 -26.984 -19.568 16.0 23.0 443 558 140 5
142 -31.299 -83.813 13.0 18.0 85 212 141 10
143 -26.794 12.506 9.0 5.0 224 349 142 10
144 -39.362 -58.521 23.0 15.0 466 617 143 10
145 -34.369 0.61 11.0 11.0 410 564 144 10
146 43.372 4.187 14.0 8.0 300 432 145 10
147 -38.226 -9.448 3.0 2.0 298 462 146 15
148 -25.61 -99.237 9.0 6.0 140 274 147 15
149 48.059 29.517 21.0 23.0 150 241 148 15
150 -43.628 -32.318 24.0 9.0 458 589 149 15
151 -16.602 -29.327 4.0 1.0 402 575 150 15
152 -29.81 -12.408 18.0 12.0 118 236 151 5
153 -51.91 -28.711 10.0 17.0 334 448 152 5
154 -1.801 -18.671 3.0 2.0 353 489 153 5
155 18.738 21.399 4.0 5.0 448 603 154 5
156 60.12 7.788 25.0 1.0 298 437 155 5
157 43.079 42.017 3.0 20.0 396 547 156 10
158 -39.435 -5.902 22.0 19.0 209 388 157 10
159 -35.889 -16.034 19.0 13.0 60 173 158 10
160 -41.827 38.995 20.0 10.0 104 205 159 10
161 84.497 29.822 7.0 9.0 257 351 160 10
162 -17.56 -10.48 19.0 14.0 283 426 161 15
163 -48.383 -48.92 19.0 4.0 162 341 162 15
164 -49.335 -17.969 22.0 20.0 283 377 163 15
165 16.095 -2.49 4.0 17.0 104 203 164 15
166 65.527 14.026 25.0 19.0 219 335 165 15
167 -2.93 13.22 23.0 19.0 112 211 166 5
168 -18.768 -23.663 24.0 16.0 224 386 167 5
169 -91.095 -80.737 25.0 4.0 335 500 168 5
170 -21.088 -13.293 4.0 1.0 233 342 169 5
171 46.985 17.224 3.0 21.0 450 601 170 5
172 -61.957 -33.038 7.0 9.0 69 215 171 10
173 -9.003 -25.452 10.0 2.0 391 531 172 10
174 33.661 -7.666 10.0 24.0 356 473 173 10
175 -25.592 -10.84 23.0 1.0 344 508 174 10
176 36.56 -2.441 18.0 21.0 454 602 175 10
177 7.141 24.817 8.0 13.0 270 440 176 15
178 -43.17 -30.487 16.0 15.0 253 430 177 15
179 -21.228 0.751 4.0 4.0 230 365 178 15
180 19.696 10.767 14.0 10.0 309 485 179 15
181 -6.494 -29.425 23.0 19.0 104 255 180 15
182 54.388 8.63 17.0 1.0 468 602 181 5
183 64.203 77.612 7.0 25.0 415 541 182 5
184 40.381 1.611 8.0 3.0 273 405 183 5
185 -41.711 -5.133 14.0 21.0 303 457 184 5
186 74.274 -19.922 22.0 7.0 452 579 185 5
187 -73.999 -54.626 7.0 18.0 256 403 186 10
188 29.706 15.454 16.0 3.0 391 543 187 10
189 23.785 12.177 24.0 1.0 183 305 188 10
190 42.578 45.325 15.0 2.0 125 280 189 10
191 -16.73 -16.559 15.0 8.0 431 543 190 10
192 -14.697 -0.116 5.0 10.0 69 197 191 15
193 -19.769 8.392 9.0 19.0 112 204 192 15
194 -30.267 14.893 24.0 17.0 319 496 193 15
195 -63.116 -67.462 6.0 19.0 340 491 194 15
196 86.029 38.916 3.0 24.0 278 390 195 15
197 79.48 -24.866 24.0 24.0 451 593 196 5
198 35.144 14.734 22.0 6.0 454 559 197 5
199 -49.365 -9.052 2.0 2.0 266 364 198 5
200 -49.475 -17.578 21.0 7.0 466 640 199 5
201 57.501 16.327 17.0 10.0 233 372 200 5
202 54.889 12.024 13.0 13.0 139 295 201 10
203 -53.027 -33.179 21.0 20.0 351 487 202 10
204 -0.415 16.644 3.0 1.0 242 400 203 10
205 21.594 16.144 9.0 17.0 199 316 204 10
206 -46.924 -49.261 14.0 17.0 98 199 205 10
207 18.457 19.733 9.0 16.0 136 307 206 15
208 35.822 19.763 3.0 9.0 376 517 207 15
209 71.869 29.034 22.0 25.0 114 290 208 15
210 -56.378 -42.755 13.0 1.0 311 440 209 15
211 -25.8 25.159 10.0 23.0 368 467 210 15
212 -5.676 33.85 7.0 10.0 184 355 211 5
213 54.041 -5.292 3.0 15.0 436 557 212 5
214 -63.074 27.38 11.0 25.0 412 585 213 5
215 -16.864 -49.768 17.0 25.0 338 488 214 5
216 47.919 13.629 15.0 16.0 99 265 215 5
217 -10.724 -2.075 4.0 1.0 372 525 216 10