2 72 585 298
0 10.629 9.326 0.0 0.0 0 1000
2 -92.7 -59.18 8.0 20.0 397 571 1 5
3 71.179 12.543 15.0 6.0 110 249 2 5
4 31.537 66.638 20.0 19.0 301 449 3 5
5 -4.694 25.537 7.0 10.0 209 306 4 5
6 -30.194 67.773 13.0 18.0 223 383 5 5
7 12.677 -57.471 6.0 1.0 286 425 6 10
8 -32.355 -20.966 5.0 15.0 106 207 7 10
9 19.91 48.975 1.0 23.0 426 574 8 10
10 13.202 -19.135 12.0 13.0 147 321 9 10
11 54.877 -41.168 18.0 12.0 296 398 10 10
12 15.063 -25.171 25.0 7.0 247 409 11 15
13 -50.598 -16.418 14.0 25.0 77 205 12 15
14 -29.73 17.078 18.0 5.0 370 504 13 15
15 17.542 1.575 13.0 1.0 269 380 14 15
16 11.127 77.216 6.0 25.0 402 546 15 15
17 33.752 71.259 14.0 10.0 81 241 16 5
18 -56.012 -10.394 10.0 2.0 370 486 17 5
19 57.874 -16.29 18.0 7.0 237 348 18 5
20 10.718 -18.787 8.0 11.0 455 604 19 5
21 53.088 -18.75 6.0 4.0 244 357 20 5
22 1.569 7.532 2.0 6.0 385 484 21 10
23 31.531 48.944 4.0 15.0 146 261 22 10
24 -66.833 -37.854 4.0 7.0 175 303 23 10
25 -70.74 62.244 23.0 8.0 191 299 24 10
26 32.538 23.096 12.0 10.0 120 269 25 10
27 -51.453 -36.444 24.0 9.0 435 561 26 15
28 36.456 -22.638 17.0 4.0 311 463 27 15
29 -31.207 43.494 18.0 6.0 442 571 28 15
30 -10.388 34.491 25.0 22.0 129 271 29 15
31 14.722 -10.834 22.0 17.0 256 399 30 15
32 47.095 -21.387 10.0 9.0 60 191 31 5
33 43.781 34.766 25.0 25.0 291 438 32 5
34 53.546 -67.487 21.0 10.0 418 529 33 5
35 26.801 46.515 21.0 18.0 472 622 34 5
36 63.385 11.981 16.0 21.0 161 312 35 5
37 47.192 -5.475 23.0 10.0 466 624 36 10
38 -16.315 -11.267 21.0 23.0 462 584 37 10
39 78.9 17.651 15.0 23.0 92 188 38 10
40 79.822 22.272 7.0 11.0 259 426 39 10
41 12.878 16.919 20.0 1.0 477 585 40 10
42 -67.981 -3.754 6.0 23.0 217 369 41 15
43 9.198 -18.597 16.0 16.0 423 556 42 15
44 -35.95 -19.141 10.0 10.0 210 351 43 15
45 28.766 45.276 7.0 12.0 330 500 44 15
46 11.469 68.231 20.0 12.0 461 578 45 15
47 -22.76 45.496 9.0 3.0 141 267 46 5
48 -65.674 -23.12 12.0 22.0 282 448 47 5
49 7.239 1.599 10.0 21.0 299 416 48 5
50 -29.785 -11.285 19.0 13.0 335 426 49 5
51 -89.05 16.211 6.0 15.0 176 311 50 5
52 -46.887 -3.363 14.0 13.0 257 379 51 10
53 -14.972 30.621 23.0 20.0 425 534 52 10
54 -17.035 49.774 8.0 10.0 99 234 53 10
55 31.635 53.619 10.0 25.0 360 535 54 10
56 -3.577 13.342 14.0 7.0 363 510 55 10
57 33.008 58.96 3.0 15.0 186 320 56 15
58 -92.95 63.263 25.0 2.0 253 379 57 15
59 -9.137 -22.931 21.0 23.0 428 565 58 15
60 -39.96 6.195 5.0 5.0 275 451 59 15
61 28.43 -19.214 2.0 25.0 414 564 60 15
62 -28.54 -3.485 3.0 9.0 402 511 61 5
63 31.415 36.859 21.0 2.0 337 486 62 5
64 -49.426 60.602 1.0 24.0 359 476 63 5
65 -72.827 -27.765 25.0 13.0 338 461 64 5
66 60.083 -45.905 21.0 20.0 375 476 65 5
67 10.87 -3.9 21.0 13.0 324 445 66 10
68 25.122 7.672 25.0 15.0 147 242 67 10
69 -46.997 -17.474 14.0 4.0 234 386 68 10
70 16.058 33.02 20.0 20.0 244 397 69 10
71 25.409 -11.7 14.0 8.0 282 453 70 10
72 68.323 -5.145 11.0 19.0 324 473 71 15
73 -13.104 62.158 25.0 20.0 465 592 72 15