3 240
0 8.681 -10.439 0.0 0.0 0 1000
2 65.991 -49.829 20.0 10.0 396 492
3 -36.938 -36.743 20.0 25.0 176 346
4 -2.734 18.774 13.0 18.0 212 304
5 31.116 -35.907 13.0 16.0 157 266
6 2.789 8.008 17.0 14.0 345 455
7 31.152 43.665 24.0 7.0 242 375
8 -36.304 -21.307 15.0 9.0 383 506
9 52.814 35.046 12.0 16.0 99 261
10 11.267 20.66 20.0 24.0 440 592
11 -0.623 23.114 20.0 6.0 213 324
12 43.091 -12.36 3.0 22.0 280 388
13 6.854 19.073 8.0 11.0 343 508
14 -6.848 25.317 16.0 19.0 339 500
15 -27.93 -23.712 20.0 20.0 325 471
16 33.24 -30.487 21.0 20.0 437 573
17 63.885 -52.881 23.0 16.0 154 307
18 -13.672 -43.945 21.0 5.0 155 269
19 -0.647 -27.502 3.0 21.0 290 405
20 59.406 -49.261 19.0 19.0 447 579
21 27.167 -5.713 20.0 18.0 370 469
22 70.001 -20.844 7.0 22.0 382 545
23 35.327 -65.167 14.0 19.0 221 313
24 -14.386 -42.236 24.0 15.0 338 483
25 19.366 30.273 3.0 24.0 94 197
26 -39.789 10.101 13.0 20.0 98 190
27 -15.753 -40.204 1.0 17.0 231 344
28 -28.418 -40.503 5.0 20.0 216 349
29 27.081 9.735 2.0 12.0 470 563
30 22.205 -9.216 9.0 23.0 150 300
31 -0.83 -6.525 18.0 15.0 408 565
32 10.217 75.531 5.0 19.0 276 414
33 7.446 18.5 12.0 23.0 429 603
34 48.914 -20.294 11.0 9.0 415 538
35 -18.958 -29.675 17.0 21.0 314 469
36 16.815 -6.659 21.0 17.0 344 491
37 2.509 -30.42 5.0 6.0 367 486
38 15.424 4.913 5.0 10.0 356 503
39 60.315 89.801 7.0 9.0 110 236
40 40.405 -45.367 24.0 19.0 202 347
41 -26.837 -54.272 1.0 17.0 298 451
42 69.171 72.577 12.0 22.0 376 492
43 -22.815 46.173 6.0 8.0 375 544
44 -14.258 -30.249 5.0 25.0 279 416
45 76.05 12.073 19.0 13.0 70 219
46 63.043 60.022 23.0 1.0 174 286
47 -20.239 -81.97 8.0 15.0 184 311
48 -41.168 -42.023 1.0 16.0 199 292
49 79.199 -29.016 20.0 20.0 354 471
50 -20.728 -7.068 16.0 14.0 414 567
51 -4.163 -53.497 8.0 2.0 178 268
52 39.594 -40.46 16.0 5.0 202 318
53 -47.125 -77.85 25.0 16.0 233 335
54 -1.233 49.182 5.0 12.0 132 281
55 -0.372 -27.264 10.0 1.0 125 258
56 31.537 -8.722 24.0 15.0 427 535
57 -0.134 -20.264 16.0 5.0 191 297
58 66.394 -26.691 7.0 9.0 400 567
59 6.104 -64.093 14.0 8.0 201 363
60 13.544 -20.874 11.0 2.0 133 310
61 54.211 -6.537 15.0 10.0 429 574
62 22.046 -34.137 23.0 25.0 374 468
63 -9.723 4.706 5.0 24.0 121 292
64 -11.584 -46.857 16.0 7.0 232 333
65 -2.905 -0.305 13.0 14.0 396 549
66 13.837 -44.452 18.0 3.0 426 577
67 17.48 27.747 14.0 23.0 324 483
68 2.972 -43.689 3.0 21.0 306 473
69 -44.354 -38.202 22.0 13.0 355 454
70 -59.399 1.514 16.0 15.0 192 367
71 -13.452 -75.531 16.0 14.0 153 331
72 -5.518 -51.947 2.0 7.0 194 354
73 -9.589 -26.88 19.0 20.0 391 535
74 19.318 29.498 23.0 6.0 334 441
75 26.245 36.743 6.0 24.0 196 338
76 43.707 -28.033 11.0 17.0 268 446
77 -52.026 -35.339 19.0 3.0 197 300
78 -8.435 -0.116 3.0 15.0 69 220
79 89.111 62.122 14.0 6.0 364 486
80 6.067 -16.132 14.0 21.0 391 527
81 27.094 -5.103 19.0 25.0 66 185
82 27.527 -15.344 3.0 18.0 84 247
83 42.511 32.056 18.0 1.0 444 577
84 25.311 12.689 24.0 19.0 90 209
85 47.778 -12.769 6.0 17.0 162 267
86 -3.143 -13.837 1.0 20.0 373 522
87 12.482 -78.101 3.0 1.0 171 302
88 -21.039 -3.43 15.0 13.0 351 475
89 -3.149 -55.432 18.0 25.0 142 266
90 53.009 84.9 5.0 16.0 118 283
91 35.638 -47.552 23.0 5.0 98 243
92 43.427 -18.439 10.0 18.0 318 439
93 6.598 -54.578 20.0 17.0 422 590
94 87.952 94.012 11.0 15.0 456 622
95 39.105 -48.743 16.0 13.0 306 466
96 -48.34 -26.477 15.0 15.0 255 393
97 72.003 -9.253 19.0 2.0 439 596
98 -37.732 3.351 4.0 1.0 474 628
99 -65.967 -36.749 14.0 9.0 323 455
100 -16.669 -35.284 23.0 16.0 235 349
101 10.742 -4.669 11.0 6.0 224 368
102 15.594 -5.817 21.0 18.0 291 386
103 21.606 -18.109 14.0 24.0 250 370
104 9.784 49.28 16.0 24.0 471 616
105 94.147 -4.492 25.0 9.0 246 357
106 10.382 -16.302 17.0 19.0 308 440
107 -1.453 -0.861 16.0 12.0 160 264
108 -6.219 25.305 13.0 22.0 329 461
109 -6.25 10.217 23.0 13.0 356 511
110 -17.444 -70.795 10.0 20.0 410 532
111 -55.09 -43.854 2.0 25.0 275 454
112 -9.442 23.724 15.0 1.0 233 331
113 8.978 35.406 14.0 24.0 367 534
114 -16.754 -0.812 22.0 10.0 364 460
115 66.852 -37.842 15.0 22.0 259 429
116 14.716 -23.724 16.0 14.0 146 314
117 33.472 20.026 12.0 12.0 155 245
118 66.394 -70.111 14.0 23.0 178 310
119 -5.664 8.881 15.0 14.0 133 300
120 -5.103 -46.729 11.0 23.0 115 265
121 -8.826 55.743 11.0 25.0 129 240
122 5.847 -3.186 4.0 5.0 399 562
123 -25.726 -37.695 23.0 7.0 303 418
124 -15.363 -24.548 13.0 25.0 330 448
125 43.793 -11.102 22.0 11.0 394 572
126 17.664 -25.604 17.0 18.0 259 358
127 -39.624 54.883 2.0 18.0 267 417
128 -24.554 -43.225 5.0 1.0 297 446
129 -26.892 -12.738 14.0 7.0 269 442
130 34.155 -38.458 1.0 22.0 394 545
131 -47.314 -29.468 13.0 7.0 219 378
132 49.365 -25.592 8.0 3.0 477 648
133 3.705 -16.449 24.0 18.0 289 410
134 22.43 -23.273 12.0 8.0 463 584
135 -37.549 -29.608 23.0 6.0 74 175
136 25.549 3.674 1.0 7.0 92 213
137 -15.216 3.284 2.0 20.0 360 523
138 -12.939 -7.495 8.0 10.0 80 234
139 -22.107 26.434 18.0 2.0 122 296
140 -17.944 7.733 14.0 3.0 339 469
141 -21.234 14.49 23.0 10.0 390 506
142 3.503 -19.708 14.0 5.0 112 207
143 32.599 -14.935 4.0 25.0 374 492
144 -5.737 -28.296 24.0 23.0 411 532
145 -6.128 -39.624 9.0 21.0 442 578
146 -2.46 12.817 15.0 13.0 144 272
147 -6.47 8.466 10.0 1.0 265 439
148 -37.891 -36.115 3.0 11.0 190 346
149 10.852 -18.75 12.0 6.0 423 595
150 50.104 8.636 6.0 9.0 91 201
151 46.844 4.712 1.0 17.0 418 513
152 19.598 -10.406 24.0 13.0 356 449
153 -38.947 52.942 3.0 23.0 127 282
154 -0.641 -21.289 4.0 19.0 79 179
155 40.906 -33.765 7.0 11.0 144 312
156 -0.574 -62.299 21.0 12.0 358 450
157 -9.778 26.794 1.0 18.0 82 226
158 34.265 -23.895 24.0 25.0 273 391
159 29.572 -24.561 5.0 13.0 357 473
160 16.376 -58.887 23.0 24.0 102 268
161 61.877 -15.167 5.0 5.0 227 369
162 40.088 -9.625 17.0 14.0 230 345
163 0.122 -4.645 24.0 18.0 129 229
164 -8.929 -43.903 23.0 25.0 331 450
165 -7.135 -57.434 3.0 11.0 234 357
166 7.55 -21.21 5.0 18.0 306 461
167 3.949 7.3 22.0 23.0 344 474
168 -15.118 92.023 9.0 22.0 429 583
169 84.821 -24.518 23.0 20.0 182 278
170 -52.325 30.682 15.0 11.0 61 152
171 7.538 13.818 15.0 11.0 148 302
172 -21.484 30.359 11.0 19.0 380 543
173 36.047 29.883 20.0 13.0 349 462
174 12.781 -40.942 10.0 24.0 403 497
175 -17.291 -10.254 24.0 6.0 70 234
176 -10.541 12.402 10.0 5.0 146 274
177 -15.845 -59.46 6.0 24.0 106 231
178 29.266 -2.222 22.0 7.0 205 325
179 -12.598 -58.929 25.0 13.0 476 639
180 -17.303 -35.297 11.0 25.0 254 364
181 57.05 -50.354 6.0 15.0 123 275
182 26.941 17.444 9.0 15.0 447 588
183 -6.195 -8.881 6.0 16.0 382 555
184 16.98 -16.321 12.0 5.0 240 418
185 83.71 -32.52 4.0 15.0 318 436
186 12.451 34.589 24.0 24.0 308 448
187 15.057 67.004 18.0 15.0 423 597
188 25.818 -5.835 3.0 9.0 382 487
189 13.666 -14.832 18.0 19.0 272 442
190 48.322 -5.164 17.0 15.0 359 496
191 13.489 19.739 23.0 2.0 299 473
192 -18.512 65.405 10.0 3.0 463 640
193 17.554 38.379 22.0 18.0 443 584
194 37.775 -16.003 5.0 20.0 238 394
195 47.968 -30.31 16.0 14.0 381 510
196 38.806 36.243 10.0 10.0 142 284
197 -16.089 -42.841 10.0 6.0 373 483
198 28.656 -1.99 9.0 17.0 469 611
199 -5.859 -1.862 5.0 20.0 313 489
200 60.516 63.416 9.0 3.0 123 301
201 63.196 -47.766 12.0 14.0 209 320
202 -15.308 -23.285 16.0 12.0 456 632
203 -2.875 0.787 8.0 2.0 91 256
204 32.056 -10.175 1.0 11.0 329 421
205 -18.634 -25.665 1.0 16.0 75 213
206 -3.632 25.433 18.0 18.0 198 298
207 10.48 22.888 22.0 14.0 242 379
208 1.819 -3.009 20.0 6.0 124 298
209 -25.275 -12.183 4.0 12.0 225 322
210 56.927 -75.507 15.0 21.0 277 435
211 13.885 -36.23 7.0 1.0 273 382
212 32.52 -29.523 25.0 18.0 162 263
213 4.803 -7.288 3.0 17.0 307 453
214 11.365 -8.344 22.0 15.0 108 257
215 17.126 -24.646 5.0 4.0 431 598
216 -33.661 -41.241 1.0 18.0 401 534
217 -32.391 -50.885 9.0 22.0 254 431
218 23.041 -14.496 16.0 16.0 342 477
219 -21.857 -39.502 23.0 14.0 468 609
220 32.013 77.332 5.0 25.0 171 344
221 13.831 -76.19 5.0 15.0 282 419
222 -8.051 -21.179 6.0 6.0 170 282
223 25.391 46.613 16.0 7.0 448 567
224 49.536 -54.639 25.0 21.0 283 407
225 63.416 -8.636 1.0 3.0 418 529
226 2.301 -5.536 25.0 15.0 464 621
227 52.423 29.895 17.0 24.0 251 359
228 9.296 -16.254 11.0 2.0 468 577
229 34.845 -96.185 24.0 17.0 390 563
230 -21.063 -41.498 10.0 2.0 132 295
231 28.448 10.242 12.0 25.0 282 442
232 16.254 -22.583 17.0 15.0 123 290
233 -36.639 -34.033 18.0 3.0 310 401
234 -27.356 -50.177 5.0 1.0 416 561
235 -53.705 11.334 16.0 1.0 438 538
236 26.276 -5.994 9.0 20.0 268 447
237 -31.519 34.589 6.0 19.0 461 600
238 -14.612 -31.506 1.0 2.0 305 440
239 -4.242 -30.865 4.0 9.0 298 471
240 -18.524 -29.486 20.0 4.0 404 582
241 -17.133 -19.397 19.0 16.0 194 345