2 100
0 35.0 35.0 0.0 0.0 0 230
2 41.0 49.0 10.0 10.0 130 201
3 35.0 17.0 10.0 7.0 20 89
4 55.0 45.0 10.0 13.0 106 135
5 55.0 20.0 10.0 19.0 71 195
6 15.0 30.0 10.0 26.0 20 107
7 25.0 30.0 10.0 3.0 54 153
8 20.0 50.0 10.0 5.0 66 105
9 10.0 43.0 10.0 9.0 61 138
10 55.0 60.0 10.0 16.0 53 150
11 30.0 60.0 10.0 16.0 101 156
12 20.0 65.0 10.0 12.0 33 152
13 50.0 35.0 10.0 19.0 38 97
14 30.0 25.0 10.0 23.0 70 208
15 15.0 10.0 10.0 20.0 32 137
16 30.0 5.0 10.0 8.0 30 154
17 10.0 20.0 10.0 19.0 54 105
18 5.0 30.0 10.0 2.0 51 189
19 20.0 40.0 10.0 12.0 77 106
20 15.0 60.0 10.0 17.0 53 108
21 45.0 65.0 10.0 9.0 109 152
22 45.0 20.0 10.0 11.0 37 96
23 45.0 10.0 10.0 18.0 59 144
24 55.0 5.0 10.0 29.0 36 155
25 65.0 35.0 10.0 3.0 118 190
26 65.0 20.0 10.0 6.0 47 186
27 45.0 30.0 10.0 17.0 117 156
28 35.0 40.0 10.0 16.0 5 156
29 41.0 37.0 10.0 16.0 8 79
30 64.0 42.0 10.0 9.0 37 98
31 40.0 60.0 10.0 21.0 28 123
32 31.0 52.0 10.0 27.0 24 85
33 35.0 69.0 10.0 23.0 116 175
34 53.0 52.0 10.0 11.0 24 179
35 65.0 55.0 10.0 14.0 100 143
36 63.0 65.0 10.0 8.0 50 178
37 2.0 60.0 10.0 5.0 41 178
38 20.0 20.0 10.0 8.0 117 160
39 5.0 5.0 10.0 16.0 42 145
40 60.0 12.0 10.0 31.0 33 186
41 40.0 25.0 10.0 9.0 51 128
42 42.0 7.0 10.0 5.0 44 159
43 24.0 12.0 10.0 5.0 25 172
44 23.0 3.0 10.0 7.0 115 158
45 11.0 14.0 10.0 18.0 31 138
46 6.0 38.0 10.0 16.0 29 189
47 2.0 48.0 10.0 1.0 93 150
48 8.0 56.0 10.0 27.0 34 116
49 13.0 52.0 10.0 36.0 125 192
50 6.0 68.0 10.0 30.0 93 132
51 47.0 47.0 10.0 13.0 105 152
52 49.0 58.0 10.0 10.0 66 119
53 27.0 43.0 10.0 9.0 25 88
54 37.0 31.0 10.0 14.0 62 137
55 57.0 29.0 10.0 18.0 121 168
56 63.0 23.0 10.0 2.0 70 189
57 53.0 12.0 10.0 6.0 81 188
58 32.0 12.0 10.0 7.0 78 133
59 36.0 26.0 10.0 18.0 79 210
60 21.0 24.0 10.0 28.0 17 123
61 17.0 34.0 10.0 3.0 130 201
62 12.0 24.0 10.0 13.0 59 102
63 24.0 58.0 10.0 19.0 25 164
64 27.0 69.0 10.0 10.0 34 112
65 15.0 77.0 10.0 9.0 46 165
66 62.0 77.0 10.0 20.0 49 170
67 49.0 73.0 10.0 25.0 77 179
68 67.0 5.0 10.0 25.0 43 150
69 56.0 39.0 10.0 36.0 82 198
70 37.0 47.0 10.0 6.0 12 142
71 37.0 56.0 10.0 5.0 21 198
72 57.0 68.0 10.0 15.0 57 106
73 47.0 16.0 10.0 25.0 22 110
74 44.0 17.0 10.0 9.0 60 105
75 46.0 13.0 10.0 8.0 73 195
76 49.0 11.0 10.0 18.0 46 101
77 49.0 42.0 10.0 13.0 36 119
78 53.0 43.0 10.0 14.0 65 200
79 61.0 52.0 10.0 3.0 43 158
80 57.0 48.0 10.0 23.0 58 135
81 56.0 37.0 10.0 6.0 69 198
82 55.0 54.0 10.0 26.0 87 110
83 15.0 47.0 10.0 16.0 28 91
84 14.0 37.0 10.0 11.0 21 97
85 11.0 31.0 10.0 7.0 68 143
86 16.0 22.0 10.0 41.0 74 117
87 4.0 18.0 10.0 35.0 79 118
88 28.0 18.0 10.0 26.0 84 111
89 26.0 52.0 10.0 9.0 24 133
90 26.0 35.0 10.0 15.0 128 211
91 31.0 67.0 10.0 3.0 76 123
92 15.0 19.0 10.0 1.0 130 194
93 22.0 22.0 10.0 2.0 18 181
94 18.0 24.0 10.0 22.0 41 199
95 26.0 27.0 10.0 27.0 88 121
96 25.0 24.0 10.0 20.0 14 83
97 22.0 27.0 10.0 11.0 119 160
98 25.0 21.0 10.0 12.0 122 153
99 19.0 21.0 10.0 10.0 32 93
100 20.0 26.0 10.0 9.0 38 137
101 18.0 18.0 10.0 17.0 28 195