2 100
0 35.0 35.0 0.0 0.0 0 230
2 41.0 49.0 10.0 10.0 73 204
3 35.0 17.0 10.0 7.0 18 147
4 55.0 45.0 10.0 13.0 76 165
5 55.0 20.0 10.0 19.0 73 195
6 15.0 30.0 10.0 26.0 20 167
7 25.0 30.0 10.0 3.0 49 158
8 20.0 50.0 10.0 5.0 36 135
9 10.0 43.0 10.0 9.0 50 149
10 55.0 60.0 10.0 16.0 47 156
11 30.0 60.0 10.0 16.0 85 172
12 20.0 65.0 10.0 12.0 33 152
13 50.0 35.0 10.0 19.0 15 133
14 30.0 25.0 10.0 23.0 79 208
15 15.0 10.0 10.0 20.0 32 187
16 30.0 5.0 10.0 8.0 30 152
17 10.0 20.0 10.0 19.0 29 139
18 5.0 30.0 10.0 2.0 60 189
19 20.0 40.0 10.0 12.0 47 136
20 15.0 60.0 10.0 17.0 32 146
21 45.0 65.0 10.0 9.0 79 182
22 45.0 20.0 10.0 11.0 18 136
23 45.0 10.0 10.0 18.0 50 153
24 55.0 5.0 10.0 29.0 36 155
25 65.0 35.0 10.0 3.0 58 190
26 65.0 20.0 10.0 6.0 56 186
27 45.0 30.0 10.0 17.0 87 186
28 35.0 40.0 10.0 16.0 5 140
29 41.0 37.0 10.0 16.0 6 136
30 64.0 42.0 10.0 9.0 29 150
31 40.0 60.0 10.0 21.0 25 132
32 31.0 52.0 10.0 27.0 17 138
33 35.0 69.0 10.0 23.0 67 186
34 53.0 52.0 10.0 11.0 24 161
35 65.0 55.0 10.0 14.0 70 173
36 63.0 65.0 10.0 8.0 54 178
37 2.0 60.0 10.0 5.0 41 178
38 20.0 20.0 10.0 8.0 87 190
39 5.0 5.0 10.0 16.0 42 153
40 60.0 12.0 10.0 31.0 33 186
41 40.0 25.0 10.0 9.0 40 139
42 42.0 7.0 10.0 5.0 43 160
43 24.0 12.0 10.0 5.0 25 158
44 23.0 3.0 10.0 7.0 82 185
45 11.0 14.0 10.0 18.0 31 144
46 6.0 38.0 10.0 16.0 29 169
47 2.0 48.0 10.0 1.0 63 180
48 8.0 56.0 10.0 27.0 34 176
49 13.0 52.0 10.0 36.0 65 192
50 6.0 68.0 10.0 30.0 73 152
51 47.0 47.0 10.0 13.0 75 182
52 49.0 58.0 10.0 10.0 36 149
53 27.0 43.0 10.0 9.0 11 133
54 37.0 31.0 10.0 14.0 51 148
55 57.0 29.0 10.0 18.0 90 197
56 63.0 23.0 10.0 2.0 69 189
57 53.0 12.0 10.0 6.0 76 190
58 32.0 12.0 10.0 7.0 48 163
59 36.0 26.0 10.0 18.0 84 210
60 21.0 24.0 10.0 28.0 17 183
61 17.0 34.0 10.0 3.0 70 201
62 12.0 24.0 10.0 13.0 29 132
63 24.0 58.0 10.0 19.0 25 154
64 27.0 69.0 10.0 10.0 34 172
65 15.0 77.0 10.0 9.0 46 165
66 62.0 77.0 10.0 20.0 49 170
67 49.0 73.0 10.0 25.0 68 179
68 67.0 5.0 10.0 25.0 43 156
69 56.0 39.0 10.0 36.0 80 198
70 37.0 47.0 10.0 6.0 12 137
71 37.0 56.0 10.0 5.0 48 198
72 57.0 68.0 10.0 15.0 39 148
73 47.0 16.0 10.0 25.0 22 170
74 44.0 17.0 10.0 9.0 30 135
75 46.0 13.0 10.0 8.0 74 195
76 49.0 11.0 10.0 18.0 27 141
77 49.0 42.0 10.0 13.0 27 128
78 53.0 43.0 10.0 14.0 72 200
79 61.0 52.0 10.0 3.0 42 159
80 57.0 48.0 10.0 23.0 47 146
81 56.0 37.0 10.0 6.0 73 198
82 55.0 54.0 10.0 26.0 57 140
83 15.0 47.0 10.0 16.0 23 146
84 14.0 37.0 10.0 11.0 21 157
85 11.0 31.0 10.0 7.0 57 154
86 16.0 22.0 10.0 41.0 44 147
87 4.0 18.0 10.0 35.0 49 148
88 28.0 18.0 10.0 26.0 61 134
89 26.0 52.0 10.0 9.0 21 136
90 26.0 35.0 10.0 15.0 68 211
91 31.0 67.0 10.0 3.0 46 153
92 15.0 19.0 10.0 1.0 70 194
93 22.0 22.0 10.0 2.0 18 159
94 18.0 24.0 10.0 22.0 60 199
95 26.0 27.0 10.0 27.0 58 151
96 25.0 24.0 10.0 20.0 14 143
97 22.0 27.0 10.0 11.0 89 190
98 25.0 21.0 10.0 12.0 92 183
99 19.0 21.0 10.0 10.0 21 142
100 20.0 26.0 10.0 9.0 33 142
101 18.0 18.0 10.0 17.0 51 195