3 100
0 35.0 35.0 0.0 0.0 0 230
2 41.0 49.0 10.0 10.0 161 171
3 35.0 17.0 10.0 7.0 50 60
4 55.0 45.0 10.0 13.0 116 126
5 55.0 20.0 10.0 19.0 149 159
6 15.0 30.0 10.0 26.0 34 44
7 25.0 30.0 10.0 3.0 99 109
8 20.0 50.0 10.0 5.0 81 91
9 10.0 43.0 10.0 9.0 95 105
10 55.0 60.0 10.0 16.0 97 107
11 30.0 60.0 10.0 16.0 124 134
12 20.0 65.0 10.0 12.0 67 77
13 50.0 35.0 10.0 19.0 63 73
14 30.0 25.0 10.0 23.0 159 169
15 15.0 10.0 10.0 20.0 32 42
16 30.0 5.0 10.0 8.0 61 71
17 10.0 20.0 10.0 19.0 75 85
18 5.0 30.0 10.0 2.0 157 167
19 20.0 40.0 10.0 12.0 87 97
20 15.0 60.0 10.0 17.0 76 86
21 45.0 65.0 10.0 9.0 126 136
22 45.0 20.0 10.0 11.0 62 72
23 45.0 10.0 10.0 18.0 97 107
24 55.0 5.0 10.0 29.0 68 78
25 65.0 35.0 10.0 3.0 153 163
26 65.0 20.0 10.0 6.0 172 182
27 45.0 30.0 10.0 17.0 132 142
28 35.0 40.0 10.0 16.0 37 47
29 41.0 37.0 10.0 16.0 39 49
30 64.0 42.0 10.0 9.0 63 73
31 40.0 60.0 10.0 21.0 71 81
32 31.0 52.0 10.0 27.0 50 60
33 35.0 69.0 10.0 23.0 141 151
34 53.0 52.0 10.0 11.0 37 47
35 65.0 55.0 10.0 14.0 117 127
36 63.0 65.0 10.0 8.0 143 153
37 2.0 60.0 10.0 5.0 41 51
38 20.0 20.0 10.0 8.0 134 144
39 5.0 5.0 10.0 16.0 83 93
40 60.0 12.0 10.0 31.0 44 54
41 40.0 25.0 10.0 9.0 85 95
42 42.0 7.0 10.0 5.0 97 107
43 24.0 12.0 10.0 5.0 31 41
44 23.0 3.0 10.0 7.0 132 142
45 11.0 14.0 10.0 18.0 69 79
46 6.0 38.0 10.0 16.0 32 42
47 2.0 48.0 10.0 1.0 117 127
48 8.0 56.0 10.0 27.0 51 61
49 13.0 52.0 10.0 36.0 165 175
50 6.0 68.0 10.0 30.0 108 118
51 47.0 47.0 10.0 13.0 124 134
52 49.0 58.0 10.0 10.0 88 98
53 27.0 43.0 10.0 9.0 52 62
54 37.0 31.0 10.0 14.0 95 105
55 57.0 29.0 10.0 18.0 140 150
56 63.0 23.0 10.0 2.0 136 146
57 53.0 12.0 10.0 6.0 130 140
58 32.0 12.0 10.0 7.0 101 111
59 36.0 26.0 10.0 18.0 200 210
60 21.0 24.0 10.0 28.0 18 28
61 17.0 34.0 10.0 3.0 162 172
62 12.0 24.0 10.0 13.0 76 86
63 24.0 58.0 10.0 19.0 58 68
64 27.0 69.0 10.0 10.0 34 44
65 15.0 77.0 10.0 9.0 73 83
66 62.0 77.0 10.0 20.0 51 61
67 49.0 73.0 10.0 25.0 127 137
68 67.0 5.0 10.0 25.0 83 93
69 56.0 39.0 10.0 36.0 142 152
70 37.0 47.0 10.0 6.0 50 60
71 37.0 56.0 10.0 5.0 182 192
72 57.0 68.0 10.0 15.0 77 87
73 47.0 16.0 10.0 25.0 35 45
74 44.0 17.0 10.0 9.0 78 88
75 46.0 13.0 10.0 8.0 149 159
76 49.0 11.0 10.0 18.0 69 79
77 49.0 42.0 10.0 13.0 73 83
78 53.0 43.0 10.0 14.0 179 189
79 61.0 52.0 10.0 3.0 96 106
80 57.0 48.0 10.0 23.0 92 102
81 56.0 37.0 10.0 6.0 182 192
82 55.0 54.0 10.0 26.0 94 104
83 15.0 47.0 10.0 16.0 55 65
84 14.0 37.0 10.0 11.0 44 54
85 11.0 31.0 10.0 7.0 101 111
86 16.0 22.0 10.0 41.0 91 101
87 4.0 18.0 10.0 35.0 94 104
88 28.0 18.0 10.0 26.0 93 103
89 26.0 52.0 10.0 9.0 74 84
90 26.0 35.0 10.0 15.0 176 186
91 31.0 67.0 10.0 3.0 95 105
92 15.0 19.0 10.0 1.0 160 170
93 22.0 22.0 10.0 2.0 18 28
94 18.0 24.0 10.0 22.0 188 198
95 26.0 27.0 10.0 27.0 100 110
96 25.0 24.0 10.0 20.0 39 49
97 22.0 27.0 10.0 11.0 135 145
98 25.0 21.0 10.0 12.0 133 143
99 19.0 21.0 10.0 10.0 58 68
100 20.0 26.0 10.0 9.0 83 93
101 18.0 18.0 10.0 17.0 185 195