3 100
0 35.0 35.0 0.0 0.0 0 230
2 41.0 49.0 10.0 10.0 133 198
3 35.0 17.0 10.0 7.0 22 87
4 55.0 45.0 10.0 13.0 98 143
5 55.0 20.0 10.0 19.0 123 184
6 15.0 30.0 10.0 26.0 20 93
7 25.0 30.0 10.0 3.0 76 131
8 20.0 50.0 10.0 5.0 61 110
9 10.0 43.0 10.0 9.0 75 124
10 55.0 60.0 10.0 16.0 74 129
11 30.0 60.0 10.0 16.0 107 150
12 20.0 65.0 10.0 12.0 42 101
13 50.0 35.0 10.0 19.0 38 97
14 30.0 25.0 10.0 23.0 131 196
15 15.0 10.0 10.0 20.0 32 114
16 30.0 5.0 10.0 8.0 35 96
17 10.0 20.0 10.0 19.0 52 107
18 5.0 30.0 10.0 2.0 124 189
19 20.0 40.0 10.0 12.0 69 114
20 15.0 60.0 10.0 17.0 52 109
21 45.0 65.0 10.0 9.0 105 156
22 45.0 20.0 10.0 11.0 37 96
23 45.0 10.0 10.0 18.0 76 127
24 55.0 5.0 10.0 29.0 43 102
25 65.0 35.0 10.0 3.0 124 190
26 65.0 20.0 10.0 6.0 121 186
27 45.0 30.0 10.0 17.0 112 161
28 35.0 40.0 10.0 16.0 8 75
29 41.0 37.0 10.0 16.0 11 76
30 64.0 42.0 10.0 9.0 37 98
31 40.0 60.0 10.0 21.0 49 102
32 31.0 52.0 10.0 27.0 24 85
33 35.0 69.0 10.0 23.0 116 175
34 53.0 52.0 10.0 11.0 24 92
35 65.0 55.0 10.0 14.0 96 147
36 63.0 65.0 10.0 8.0 116 178
37 2.0 60.0 10.0 5.0 41 112
38 20.0 20.0 10.0 8.0 113 164
39 5.0 5.0 10.0 16.0 60 115
40 60.0 12.0 10.0 31.0 33 110
41 40.0 25.0 10.0 9.0 65 114
42 42.0 7.0 10.0 5.0 72 131
43 24.0 12.0 10.0 5.0 25 91
44 23.0 3.0 10.0 7.0 111 162
45 11.0 14.0 10.0 18.0 45 102
46 6.0 38.0 10.0 16.0 29 99
47 2.0 48.0 10.0 1.0 92 151
48 8.0 56.0 10.0 27.0 34 105
49 13.0 52.0 10.0 36.0 128 192
50 6.0 68.0 10.0 30.0 93 132
51 47.0 47.0 10.0 13.0 102 155
52 49.0 58.0 10.0 10.0 64 121
53 27.0 43.0 10.0 9.0 26 87
54 37.0 31.0 10.0 14.0 75 124
55 57.0 29.0 10.0 18.0 118 171
56 63.0 23.0 10.0 2.0 111 170
57 53.0 12.0 10.0 6.0 106 163
58 32.0 12.0 10.0 7.0 77 134
59 36.0 26.0 10.0 18.0 147 210
60 21.0 24.0 10.0 28.0 17 100
61 17.0 34.0 10.0 3.0 134 199
62 12.0 24.0 10.0 13.0 55 106
63 24.0 58.0 10.0 19.0 30 95
64 27.0 69.0 10.0 10.0 34 103
65 15.0 77.0 10.0 9.0 48 107
66 62.0 77.0 10.0 20.0 49 113
67 49.0 73.0 10.0 25.0 104 159
68 67.0 5.0 10.0 25.0 59 116
69 56.0 39.0 10.0 36.0 117 176
70 37.0 47.0 10.0 6.0 23 86
71 37.0 56.0 10.0 5.0 123 198
72 57.0 68.0 10.0 15.0 54 109
73 47.0 16.0 10.0 25.0 22 96
74 44.0 17.0 10.0 9.0 56 109
75 46.0 13.0 10.0 8.0 123 184
76 49.0 11.0 10.0 18.0 45 102
77 49.0 42.0 10.0 13.0 52 103
78 53.0 43.0 10.0 14.0 136 200
79 61.0 52.0 10.0 3.0 71 130
80 57.0 48.0 10.0 23.0 72 121
81 56.0 37.0 10.0 6.0 135 198
82 55.0 54.0 10.0 26.0 78 119
83 15.0 47.0 10.0 16.0 29 90
84 14.0 37.0 10.0 11.0 21 89
85 11.0 31.0 10.0 7.0 81 130
86 16.0 22.0 10.0 41.0 70 121
87 4.0 18.0 10.0 35.0 74 123
88 28.0 18.0 10.0 26.0 79 116
89 26.0 52.0 10.0 9.0 50 107
90 26.0 35.0 10.0 15.0 139 211
91 31.0 67.0 10.0 3.0 73 126
92 15.0 19.0 10.0 1.0 132 194
93 22.0 22.0 10.0 2.0 18 88
94 18.0 24.0 10.0 22.0 129 199
95 26.0 27.0 10.0 27.0 81 128
96 25.0 24.0 10.0 20.0 14 78
97 22.0 27.0 10.0 11.0 114 165
98 25.0 21.0 10.0 12.0 115 160
99 19.0 21.0 10.0 10.0 32 93
100 20.0 26.0 10.0 9.0 60 115
101 18.0 18.0 10.0 17.0 123 195